13,149
14,149
15,149
25,251
26,251
27,251
37,408
38,408
39,408
49,570
50,570
51,570
61,734
62,734
63,734
86,1043
87,1043
88,1043
98,1181
99,1181
100,1181
110,1242
111,1242
112,1242
122,1358
123,1358
124,1358
134,1456
135,1456
136,1456
146,1726
147,1726
148,1726
158,1883
159,1883
160,1883
182,2021
183,2021
184,2021
194,2095
195,2095
196,2095
206,2234
207,2234
208,2234
218,2248
219,2248
220,2248
230,2327
231,2327
232,2327
242,2392
243,2392
244,2392
254,2488
255,2488
256,2488
266,2616
267,2616
268,2616
278,2684
279,2684
280,2684
290,2780
291,2780
292,2780
302,2852
303,2852
304,2852
314,3035
315,3035
316,3035
326,3228
327,3228
328,3228
338,3257
339,3257
340,3257
362,3590
363,3590
364,3590
374,3813
375,3813
376,3813
386,3898
387,3898
388,3898
398,3967
399,3967
400,3967
410,3982
411,3982
412,3982
422,4124
423,4124
424,4124
434,4278
435,4278
436,4278
446,4357
447,4357
448,4357
458,4554
459,4554
460,4554
470,4704
471,4704
472,4704
482,4784
483,4784
484,4784
494,4965
495,4965
496,4965
506,5051
507,5051
508,5051
518,5104
519,5104
520,5104
530,5200
531,5200
532,5200
542,5350
543,5350
544,5350
554,5406
555,5406
556,5406
566,5574
567,5574
568,5574
578,5614
579,5614
580,5614
590,5676
591,5676
592,5676
602,5815
603,5815
604,5815
614,5996
615,5996
616,5996
626,6114
627,6114
628,6114
638,6247
639,6247
640,6247
650,6317
651,6317
652,6317
662,6436
663,6436
664,6436
674,6534
675,6534
676,6534
686,6700
687,6700
688,6700
698,6772
699,6772
700,6772
710,6806
711,6806
712,6806
722,6995
723,6995
724,6995
734,7059
735,7059
736,7059
746,7154
747,7154
748,7154
758,7233
759,7233
760,7233
