7,111
8,111
9,111
19,185
20,185
21,185
31,355
32,355
33,355
43,519
44,519
45,519
55,619
56,619
57,619
68,776
69,776
70,776
80,947
81,947
82,947
92,1116
93,1116
94,1116
104,1202
105,1202
106,1202
116,1333
117,1333
118,1333
128,1366
129,1366
130,1366
140,1623
141,1623
142,1623
152,1802
153,1802
154,1802
164,1916
165,1916
166,1916
176,1985
177,1985
178,1985
188,2059
189,2059
190,2059
200,2180
201,2180
202,2180
212,2240
213,2240
214,2240
224,2302
225,2302
226,2302
236,2329
237,2329
238,2329
248,2473
249,2473
250,2473
260,2603
261,2603
262,2603
272,2648
273,2648
274,2648
284,2737
285,2737
286,2737
296,2818
297,2818
298,2818
308,2956
309,2956
310,2956
320,3143
321,3143
322,3143
332,3250
333,3250
334,3250
344,3382
345,3382
346,3382
356,3513
357,3513
358,3513
368,3705
369,3705
370,3705
380,3821
381,3821
382,3821
392,3923
393,3923
394,3923
404,3977
405,3977
406,3977
416,4024
417,4024
418,4024
428,4180
429,4180
430,4180
440,4302
441,4302
442,4302
452,4426
453,4426
454,4426
464,4619
465,4619
466,4619
476,4765
477,4765
478,4765
488,4919
489,4919
490,4919
500,5021
501,5021
502,5021
512,5076
513,5076
514,5076
524,5177
525,5177
526,5177
536,5241
537,5241
538,5241
548,5354
549,5354
550,5354
560,5448
561,5448
562,5448
572,5606
573,5606
574,5606
584,5634
585,5634
586,5634
596,5734
597,5734
598,5734
608,5857
609,5857
610,5857
620,6044
621,6044
622,6044
632,6158
633,6158
634,6158
644,6261
645,6261
646,6261
656,6424
657,6424
658,6424
668,6472
669,6472
670,6472
680,6618
681,6618
682,6618
692,6746
693,6746
694,6746
704,6797
705,6797
706,6797
716,6923
717,6923
718,6923
728,7037
729,7037
730,7037
740,7126
741,7126
742,7126
764,7280
765,7280
766,7280
776,7303
777,7303
778,7303
